Eğitilmiş head — wei matrisi
Girdi: 'To be, or not to be.'
tensor([[1.0000e+00, 0.0000e+00, 0.0000e+00, 0.0000e+00, 0.0000e+00, 0.0000e+00,
         0.0000e+00, 0.0000e+00, 0.0000e+00, 0.0000e+00, 0.0000e+00, 0.0000e+00,
         0.0000e+00, 0.0000e+00, 0.0000e+00, 0.0000e+00, 0.0000e+00, 0.0000e+00,
         0.0000e+00, 0.0000e+00],
        [4.2243e-01, 5.7757e-01, 0.0000e+00, 0.0000e+00, 0.0000e+00, 0.0000e+00,
         0.0000e+00, 0.0000e+00, 0.0000e+00, 0.0000e+00, 0.0000e+00, 0.0000e+00,
         0.0000e+00, 0.0000e+00, 0.0000e+00, 0.0000e+00, 0.0000e+00, 0.0000e+00,
         0.0000e+00, 0.0000e+00],
        [3.5544e-03, 8.4130e-02, 9.1232e-01, 0.0000e+00, 0.0000e+00, 0.0000e+00,
         0.0000e+00, 0.0000e+00, 0.0000e+00, 0.0000e+00, 0.0000e+00, 0.0000e+00,
         0.0000e+00, 0.0000e+00, 0.0000e+00, 0.0000e+00, 0.0000e+00, 0.0000e+00,
         0.0000e+00, 0.0000e+00],
        [9.8046e-03, 3.3323e-03, 2.4294e-02, 9.6257e-01, 0.0000e+00, 0.0000e+00,
         0.0000e+00, 0.0000e+00, 0.0000e+00, 0.0000e+00, 0.0000e+00, 0.0000e+00,
         0.0000e+00, 0.0000e+00, 0.0000e+00, 0.0000e+00, 0.0000e+00, 0.0000e+00,
         0.0000e+00, 0.0000e+00],
        [2.9749e-05, 9.6288e-03, 3.2998e-02, 1.5107e-02, 9.4224e-01, 0.0000e+00,
         0.0000e+00, 0.0000e+00, 0.0000e+00, 0.0000e+00, 0.0000e+00, 0.0000e+00,
         0.0000e+00, 0.0000e+00, 0.0000e+00, 0.0000e+00, 0.0000e+00, 0.0000e+00,
         0.0000e+00, 0.0000e+00],
        [3.9398e-07, 3.0291e-05, 5.5023e-04, 9.9936e-05, 6.4405e-03, 9.9288e-01,
         0.0000e+00, 0.0000e+00, 0.0000e+00, 0.0000e+00, 0.0000e+00, 0.0000e+00,
         0.0000e+00, 0.0000e+00, 0.0000e+00, 0.0000e+00, 0.0000e+00, 0.0000e+00,
         0.0000e+00, 0.0000e+00],
        [6.1139e-04, 2.6686e-03, 3.2333e-02, 1.8989e-03, 1.6274e-02, 4.2790e-03,
         9.4193e-01, 0.0000e+00, 0.0000e+00, 0.0000e+00, 0.0000e+00, 0.0000e+00,
         0.0000e+00, 0.0000e+00, 0.0000e+00, 0.0000e+00, 0.0000e+00, 0.0000e+00,
         0.0000e+00, 0.0000e+00],
        [2.1199e-03, 2.3817e-03, 3.4167e-03, 5.4918e-02, 5.6918e-03, 1.6568e-01,
         1.6876e-01, 5.9703e-01, 0.0000e+00, 0.0000e+00, 0.0000e+00, 0.0000e+00,
         0.0000e+00, 0.0000e+00, 0.0000e+00, 0.0000e+00, 0.0000e+00, 0.0000e+00,
         0.0000e+00, 0.0000e+00],
        [9.2677e-04, 9.2383e-03, 4.3671e-03, 8.0166e-03, 1.9991e-02, 6.5128e-03,
         3.3476e-02, 4.6859e-01, 4.4889e-01, 0.0000e+00, 0.0000e+00, 0.0000e+00,
         0.0000e+00, 0.0000e+00, 0.0000e+00, 0.0000e+00, 0.0000e+00, 0.0000e+00,
         0.0000e+00, 0.0000e+00],
        [1.8295e-04, 8.6076e-04, 1.1301e-02, 4.1078e-04, 1.1473e-03, 1.9684e-04,
         7.8567e-02, 1.9935e-02, 1.6021e-02, 8.7138e-01, 0.0000e+00, 0.0000e+00,
         0.0000e+00, 0.0000e+00, 0.0000e+00, 0.0000e+00, 0.0000e+00, 0.0000e+00,
         0.0000e+00, 0.0000e+00],
        [5.1687e-05, 6.8378e-04, 4.2001e-04, 1.8603e-03, 5.3072e-03, 4.4632e-04,
         6.2375e-03, 5.3485e-02, 1.6079e-01, 1.2159e-01, 6.4913e-01, 0.0000e+00,
         0.0000e+00, 0.0000e+00, 0.0000e+00, 0.0000e+00, 0.0000e+00, 0.0000e+00,
         0.0000e+00, 0.0000e+00],
        [1.5893e-04, 2.7888e-04, 3.9704e-04, 2.5154e-03, 3.2363e-04, 9.0304e-03,
         7.2951e-03, 1.3938e-02, 2.3051e-02, 7.1105e-02, 2.4264e-01, 6.2927e-01,
         0.0000e+00, 0.0000e+00, 0.0000e+00, 0.0000e+00, 0.0000e+00, 0.0000e+00,
         0.0000e+00, 0.0000e+00],
        [4.0064e-05, 5.3175e-05, 2.1766e-04, 8.6260e-05, 5.1600e-04, 2.7749e-03,
         1.9048e-03, 1.0724e-03, 3.4885e-03, 1.7826e-02, 4.1837e-02, 8.7932e-02,
         8.4225e-01, 0.0000e+00, 0.0000e+00, 0.0000e+00, 0.0000e+00, 0.0000e+00,
         0.0000e+00, 0.0000e+00],
        [7.9792e-06, 3.8805e-05, 8.7985e-04, 4.4267e-05, 1.8798e-04, 2.9625e-05,
         9.3484e-03, 1.6676e-03, 1.0019e-03, 3.1938e-02, 4.4945e-04, 1.8669e-02,
         9.9230e-03, 9.2581e-01, 0.0000e+00, 0.0000e+00, 0.0000e+00, 0.0000e+00,
         0.0000e+00, 0.0000e+00],
        [5.7015e-06, 3.7294e-06, 1.8609e-05, 1.1924e-05, 1.3432e-04, 6.2051e-04,
         5.7728e-04, 6.3346e-04, 1.4491e-03, 4.2543e-03, 5.8150e-03, 6.6862e-03,
         9.0708e-02, 1.2167e-01, 7.6741e-01, 0.0000e+00, 0.0000e+00, 0.0000e+00,
         0.0000e+00, 0.0000e+00],
        [2.1738e-06, 1.3532e-06, 2.7586e-06, 3.2650e-05, 5.2400e-06, 1.8237e-04,
         2.1602e-04, 9.6963e-04, 7.8193e-04, 1.4926e-03, 1.6963e-03, 2.7180e-03,
         3.2109e-02, 2.2910e-02, 5.0340e-01, 4.3348e-01, 0.0000e+00, 0.0000e+00,
         0.0000e+00, 0.0000e+00],
        [1.4392e-06, 9.2264e-06, 1.2115e-04, 9.4486e-06, 6.9226e-05, 5.3776e-06,
         1.7704e-03, 1.2028e-03, 3.5177e-04, 1.3305e-02, 9.8405e-05, 2.0395e-03,
         4.1771e-04, 5.8909e-02, 2.7994e-03, 6.1555e-02, 8.5733e-01, 0.0000e+00,
         0.0000e+00, 0.0000e+00],
        [2.7597e-06, 8.4297e-07, 5.5477e-06, 1.3655e-04, 8.2829e-06, 3.8624e-06,
         1.6373e-05, 4.3459e-05, 7.2467e-05, 5.3374e-05, 1.3763e-04, 2.5082e-04,
         6.1761e-03, 5.0802e-04, 1.5143e-02, 3.2974e-03, 1.1529e-02, 9.6261e-01,
         0.0000e+00, 0.0000e+00],
        [1.0439e-08, 5.0737e-06, 2.6144e-05, 9.2895e-06, 5.6074e-04, 3.1349e-05,
         1.0223e-04, 1.5039e-04, 3.2850e-04, 1.4788e-04, 2.5955e-04, 7.0855e-04,
         2.4772e-04, 1.6201e-03, 5.7785e-04, 7.7216e-03, 2.8936e-02, 1.4686e-02,
         9.4388e-01, 0.0000e+00],
        [2.8862e-05, 1.2199e-02, 7.6170e-04, 1.6616e-03, 1.3015e-02, 2.8574e-03,
         1.9649e-04, 3.1110e-03, 7.6474e-04, 9.7211e-05, 6.7445e-04, 1.3207e-02,
         2.7924e-04, 3.0499e-04, 1.9861e-04, 2.4720e-03, 1.8044e-04, 6.0243e-04,
         5.3205e-02, 8.9418e-01]])

Satır 15: 'o', sonraki hedef ' '
j= 0 token='T'   weight=0.000002
j= 1 token='o'   weight=0.000001
j= 2 token=' '   weight=0.000003
j= 3 token='b'   weight=0.000033
j= 4 token='e'   weight=0.000005
j= 5 token=','   weight=0.000182
j= 6 token=' '   weight=0.000216
j= 7 token='o'   weight=0.000970
j= 8 token='r'   weight=0.000782
j= 9 token=' '   weight=0.001493
j=10 token='n'   weight=0.001696
j=11 token='o'   weight=0.002718
j=12 token='t'   weight=0.032109
j=13 token=' '   weight=0.022910
j=14 token='t'   weight=0.503401
j=15 token='o'   weight=0.433479
j=16 token=' '   weight=0.000000
j=17 token='b'   weight=0.000000
j=18 token='e'   weight=0.000000
j=19 token='.'   weight=0.000000
Satır toplamı=1.000000; gelecek ağırlıkları=0